20
23
17
1997
1011
2011
2003
2010
2014
2022
2017
25
23
27
820
23
17
1997
1011
2011
2003
2010
2014
2022
2017
25
23
27
820
23
17
1997
1011
2011
2003
2010
2014
2022
2017
25
23
27
820
23
17
1997
1011
2011
2003
2010
2014
2022
2017
25
23
27
820
23
17
1997
1011
2011
2003
2010
2014
2022
2017
25
23
27
820
23
17
1997
1011
2011
2003
2010
2014
2022
2017
25
23
27
820
23
17
1997
1011
2011
2003
2010
2014
2022
2017
25
23
27
820
23
17
1997
1011
2011
2003
2010
2014
2022
2017
25
23
27
820
23
17
1997
1011
2011
2003
2010
2014
2022
2017
25
23
27
820
23
17
1997
1011
2011
2003
2010
2014
2022
2017
25
23
27
8
