1011
1011
1011
1011
1011
1011
1011
1011
1011
1011
17
17
17
17
17
17
17
17
17
17
1997
1997
1997
1997
1997
1997
1997
1997
1997
1997
20
2003
2003
2003
2003
2003
2003
2003
2003
2003
2003
2010
2010
2010
2010
2010
2010
2010
2010
2010
2010
2011
2011
2011
2011
2011
2011
2011
2011
2011
2011
2014
2014
2014
2014
2014
2014
2014
2014
2014
2014
2017
2017
2017
2017
2017
2017
2017
2017
2017
2017
2022
2022
2022
2022
2022
2022
2022
2022
2022
2022
23
23
23
23
23
23
23
23
23
23
23
23
23
23
23
23
23
23
23
23
25
25
25
25
25
25
25
25
25
25
27
27
27
27
27
27
27
27
27
27
8
820
820
820
820
820
820
820
820
820
